{"@class":"BaseSkinController","id":{"uuid":"8A60D76E-7A4A-4B6F-B192-E961191ADEA3"},"boneInfoCollection":[{"@class":"BoneInfo","index":0,"offset":{"values":[1.0,0.0,0.0,0.0,0.0,1.0,0.0,0.0,0.0,0.0,1.0,0.0,0.0,-0.9985679984092712,-0.03414899855852127,1.0]}},{"@class":"BoneInfo","index":1,"offset":{"values":[1.0,0.0,-0.0,0.0,0.0,0.9991729855537415,0.04067400097846985,0.0,0.0,-0.04067400097846985,0.9991719722747803,0.0,0.0,-1.1628830432891846,-0.0749559998512268,1.0]}},{"@class":"BoneInfo","index":2,"offset":{"values":[1.0,0.0,-0.0,0.0,0.0,0.9984340071678162,0.055941998958587649,0.0,0.0,-0.055941998958587649,0.9984340071678162,0.0,0.0,-1.3495769500732422,-0.09559600055217743,1.0]}},{"@class":"BoneInfo","index":3,"offset":{"values":[1.0,0.0,-0.0,0.0,0.0,0.9985740184783936,0.053387001156806949,0.0,0.0,-0.053387001156806949,0.9985740184783936,0.0,0.0,-1.5060300827026368,-0.09174299985170365,1.0]}},{"@class":"BoneInfo","index":4,"offset":{"values":[1.0,0.0,0.0,0.0,0.0,1.0,0.0,0.0,0.0,0.0,1.0,0.0,0.0,-1.6906309127807618,-0.0013780000153928996,1.0]}},{"@class":"BoneInfo","index":5,"offset":{"values":[1.0,0.0,0.0,0.0,0.0,1.0,0.0,0.0,0.0,0.0,1.0,0.0,0.0,-1.7468349933624268,-0.018624000251293184,1.0]}},{"@class":"BoneInfo","index":6,"offset":{"values":[-0.03103099949657917,0.9315159916877747,-0.3623729944229126,0.0,-0.073683001101017,-0.3636929988861084,-0.928600013256073,0.0,-0.9967979788780212,-0.002114000031724572,0.07992199808359146,0.0,0.12594500184059144,0.5502550005912781,1.5698260068893433,1.0]}},{"@class":"BoneInfo","index":7,"offset":{"values":[0.07556899636983872,0.6243849992752075,-0.7774519920349121,0.0,0.1992350071668625,-0.7734150290489197,-0.6017770171165466,0.0,-0.9770330190658569,-0.10942000150680542,-0.18284599483013154,0.0,-0.33548998832702639,1.1403889656066895,1.1155400276184083,1.0]}},{"@class":"BoneInfo","index":8,"offset":{"values":[0.11695799976587296,0.6391810178756714,-0.7601109743118286,0.0,0.14769700169563294,-0.7680469751358032,-0.6231290102005005,0.0,-0.9820929765701294,-0.039386000484228137,-0.18423500657081605,0.0,-0.2785229980945587,0.841992974281311,1.139093041419983,1.0]}},{"@class":"BoneInfo","index":9,"offset":{"values":[-0.15464100241661073,0.5847229957580566,-0.7963569760322571,0.0,0.03012000024318695,-0.8028889894485474,-0.5953680276870728,0.0,-0.9875109791755676,-0.11605499684810639,0.1065479964017868,0.0,0.009220000356435776,0.5996930003166199,1.1395549774169922,1.0]}},{"@class":"BoneInfo","index":10,"offset":{"values":[0.20659999549388886,0.35235899686813357,-0.912775993347168,0.0,-0.4342769980430603,-0.8029500246047974,-0.40825799107551577,0.0,-0.87676602602005,0.48074400424957278,-0.012868000194430352,0.0,0.36261099576950076,0.7119079828262329,0.9803439974784851,1.0]}},{"@class":"BoneInfo","index":11,"offset":{"values":[0.20660200715065003,0.3251039981842041,-0.9228339791297913,0.0,-0.4342760145664215,-0.8147169947624207,-0.3842410147190094,0.0,-0.8767669796943665,0.4801500141620636,-0.027137000113725663,0.0,0.3682050108909607,0.6993209719657898,0.9600059986114502,1.0]}},{"@class":"BoneInfo","index":12,"offset":{"values":[0.20659899711608888,0.3353790044784546,-0.9191499948501587,0.0,-0.4342769980430603,-0.8103799819946289,-0.3933039903640747,0.0,-0.8767669796943665,0.4804219901561737,-0.021777000278234483,0.0,0.36559000611305239,0.6398770213127136,0.9672030210494995,1.0]}},{"@class":"BoneInfo","index":13,"offset":{"values":[-0.12584100663661958,0.5195649862289429,-0.8451129794120789,0.0,-0.005475999787449837,-0.8522359728813171,-0.5231289863586426,0.0,-0.9920349717140198,-0.06120400130748749,0.11009100079536438,0.0,0.07078400254249573,0.5907829999923706,1.092221975326538,1.0]}},{"@class":"BoneInfo","index":14,"offset":{"values":[-0.1136849969625473,0.5113589763641357,-0.8518139719963074,0.0,-0.025909999385476114,-0.8586069941520691,-0.5119789838790894,0.0,-0.9931790232658386,-0.03613400086760521,0.11085999757051468,0.0,0.08379100263118744,0.5473979711532593,1.0851579904556275,1.0]}},{"@class":"BoneInfo","index":15,"offset":{"values":[-0.11368399858474732,0.5811070203781128,-0.8058469891548157,0.0,-0.025909999385476114,-0.8125640153884888,-0.5822960138320923,0.0,-0.9931780099868774,-0.04531899839639664,0.10743200033903122,0.0,0.08377499878406525,0.4154199957847595,1.124027967453003,1.0]}},{"@class":"BoneInfo","index":16,"offset":{"values":[-0.13468000292778016,0.5395479798316956,-0.8311129808425903,0.0,0.003501000115647912,-0.8384900093078613,-0.5449050068855286,0.0,-0.9908829927444458,-0.07629700005054474,0.11103899776935578,0.0,0.041377000510692599,0.5598840117454529,1.1108250617980958,1.0]}},{"@class":"BoneInfo","index":17,"offset":{"values":[-0.13050299882888795,0.5472059845924377,-0.82676100730896,0.0,-0.0030580000020563604,-0.8341109752655029,-0.5515879988670349,0.0,-0.9914429783821106,-0.06945499777793884,0.11052700132131577,0.0,0.04536300152540207,0.5004559755325317,1.1148589849472047,1.0]}},{"@class":"BoneInfo","index":18,"offset":{"values":[-0.13050200045108796,0.608361005783081,-0.7828580141067505,0.0,-0.0030580000020563604,-0.7898539900779724,-0.6132879853248596,0.0,-0.9914429783821106,-0.07764100283384323,0.10493800044059754,0.0,0.04534799978137016,0.37272700667381289,1.1464450359344483,1.0]}},{"@class":"BoneInfo","index":19,"offset":{"values":[-0.13953299820423127,0.5019999742507935,-0.8535379767417908,0.0,0.00927099958062172,-0.861270010471344,-0.508063018321991,0.0,-0.9901739954948425,-0.07880499958992005,0.11552099883556366,0.0,0.007381000090390444,0.6111860275268555,1.0874099731445313,1.0]}},{"@class":"BoneInfo","index":20,"offset":{"values":[-0.13953199982643128,0.5284069776535034,-0.8374469876289368,0.0,0.009271999821066857,-0.8449860215187073,-0.5347089767456055,0.0,-0.9901739954948425,-0.0823730006814003,0.11300300061702728,0.0,0.007327999919652939,0.5329449772834778,1.1045889854431153,1.0]}},{"@class":"BoneInfo","index":21,"offset":{"values":[-0.13953199982643128,0.6238710284233093,-0.7689700126647949,0.0,0.00927099958062172,-0.7757099866867065,-0.6310210227966309,0.0,-0.9901739954948425,-0.09517700225114823,0.10245300084352493,0.0,0.007302999962121248,0.35631799697875979,1.1549190282821656,1.0]}},{"@class":"BoneInfo","index":22,"offset":{"values":[-0.14220499992370606,0.5647339820861816,-0.8129289746284485,0.0,0.014457999728620053,-0.8200029730796814,-0.572176992893219,0.0,-0.9897310137748718,-0.09312000125646591,0.10844399780035019,0.0,-0.023099999874830247,0.5284669995307922,1.1226500272750855,1.0]}},{"@class":"BoneInfo","index":23,"offset":{"values":[-0.12925699353218079,0.5054669976234436,-0.8531090021133423,0.0,-0.004755999892950058,-0.8606330156326294,-0.5092039704322815,0.0,-0.9915990233421326,-0.061760999262332919,0.11364699900150299,0.0,-0.01165200024843216,0.5626779794692993,1.0835870504379273,1.0]}},{"@class":"BoneInfo","index":24,"offset":{"values":[-0.12925699353218079,0.6074259877204895,-0.7837889790534973,0.0,-0.004755999892950058,-0.7907909750938416,-0.6120679974555969,0.0,-0.9915990233421326,-0.07538700103759766,0.105103999376297,0.0,-0.011683999560773373,0.3957659900188446,1.141523003578186,1.0]}},{"@class":"BoneInfo","index":25,"offset":{"values":[-0.03103099949657917,-0.9315159916877747,0.3623729944229126,0.0,0.073683001101017,-0.3636929988861084,-0.928600013256073,0.0,0.9967979788780212,-0.002114000031724572,0.07992199808359146,0.0,-0.12594500184059144,0.5502550005912781,1.5698260068893433,1.0]}},{"@class":"BoneInfo","index":26,"offset":{"values":[0.07556899636983872,-0.6243849992752075,0.7774519920349121,0.0,-0.1992350071668625,-0.7734150290489197,-0.6017770171165466,0.0,0.9770330190658569,-0.10942000150680542,-0.18284599483013154,0.0,0.33548998832702639,1.1403889656066895,1.1155400276184083,1.0]}},{"@class":"BoneInfo","index":27,"offset":{"values":[0.11695799976587296,-0.6391810178756714,0.7601109743118286,0.0,-0.14769700169563294,-0.7680469751358032,-0.6231290102005005,0.0,0.9820929765701294,-0.039386000484228137,-0.18423500657081605,0.0,0.2785229980945587,0.841992974281311,1.139093041419983,1.0]}},{"@class":"BoneInfo","index":28,"offset":{"values":[-0.15464100241661073,-0.5847229957580566,0.7963569760322571,0.0,-0.03012000024318695,-0.8028889894485474,-0.5953680276870728,0.0,0.9875109791755676,-0.11605499684810639,0.1065479964017868,0.0,-0.009220000356435776,0.5996930003166199,1.1395549774169922,1.0]}},{"@class":"BoneInfo","index":29,"offset":{"values":[0.20659999549388886,-0.35235899686813357,0.912775993347168,0.0,0.4342769980430603,-0.8029500246047974,-0.40825799107551577,0.0,0.87676602602005,0.48074400424957278,-0.012868000194430352,0.0,-0.36261099576950076,0.7119079828262329,0.9803439974784851,1.0]}},{"@class":"BoneInfo","index":30,"offset":{"values":[0.20660200715065003,-0.3251039981842041,0.9228339791297913,0.0,0.4342760145664215,-0.8147169947624207,-0.3842410147190094,0.0,0.8767669796943665,0.4801500141620636,-0.027137000113725663,0.0,-0.3682050108909607,0.6993209719657898,0.9600059986114502,1.0]}},{"@class":"BoneInfo","index":31,"offset":{"values":[0.20659899711608888,-0.3353790044784546,0.9191499948501587,0.0,0.4342769980430603,-0.8103799819946289,-0.3933039903640747,0.0,0.8767669796943665,0.4804219901561737,-0.021777000278234483,0.0,-0.36559000611305239,0.6398770213127136,0.9672030210494995,1.0]}},{"@class":"BoneInfo","index":32,"offset":{"values":[-0.12584100663661958,-0.5195649862289429,0.8451129794120789,0.0,0.005475999787449837,-0.8522359728813171,-0.5231289863586426,0.0,0.9920349717140198,-0.06120400130748749,0.11009100079536438,0.0,-0.07078400254249573,0.5907829999923706,1.092221975326538,1.0]}},{"@class":"BoneInfo","index":33,"offset":{"values":[-0.1136849969625473,-0.5113589763641357,0.8518139719963074,0.0,0.025909999385476114,-0.8586069941520691,-0.5119789838790894,0.0,0.9931790232658386,-0.03613400086760521,0.11085999757051468,0.0,-0.08379100263118744,0.5473979711532593,1.0851579904556275,1.0]}},{"@class":"BoneInfo","index":34,"offset":{"values":[-0.11368399858474732,-0.5811070203781128,0.8058469891548157,0.0,0.025909999385476114,-0.8125640153884888,-0.5822960138320923,0.0,0.9931780099868774,-0.04531899839639664,0.10743200033903122,0.0,-0.08377499878406525,0.4154199957847595,1.124027967453003,1.0]}},{"@class":"BoneInfo","index":35,"offset":{"values":[-0.13468000292778016,-0.5395479798316956,0.8311129808425903,0.0,-0.003501000115647912,-0.8384900093078613,-0.5449050068855286,0.0,0.9908829927444458,-0.07629700005054474,0.11103899776935578,0.0,-0.041377000510692599,0.5598840117454529,1.1108250617980958,1.0]}},{"@class":"BoneInfo","index":36,"offset":{"values":[-0.13050299882888795,-0.5472059845924377,0.82676100730896,0.0,0.0030580000020563604,-0.8341109752655029,-0.5515879988670349,0.0,0.9914429783821106,-0.06945499777793884,0.11052700132131577,0.0,-0.04536300152540207,0.5004559755325317,1.1148589849472047,1.0]}},{"@class":"BoneInfo","index":37,"offset":{"values":[-0.13050200045108796,-0.608361005783081,0.7828580141067505,0.0,0.0030580000020563604,-0.7898539900779724,-0.6132879853248596,0.0,0.9914429783821106,-0.07764100283384323,0.10493800044059754,0.0,-0.04534799978137016,0.37272700667381289,1.1464450359344483,1.0]}},{"@class":"BoneInfo","index":38,"offset":{"values":[-0.13953299820423127,-0.5019999742507935,0.8535379767417908,0.0,-0.00927099958062172,-0.861270010471344,-0.508063018321991,0.0,0.9901739954948425,-0.07880499958992005,0.11552099883556366,0.0,-0.007381000090390444,0.6111860275268555,1.0874099731445313,1.0]}},{"@class":"BoneInfo","index":39,"offset":{"values":[-0.13953199982643128,-0.5284069776535034,0.8374469876289368,0.0,-0.009271999821066857,-0.8449860215187073,-0.5347089767456055,0.0,0.9901739954948425,-0.0823730006814003,0.11300300061702728,0.0,-0.007327999919652939,0.5329449772834778,1.1045889854431153,1.0]}},{"@class":"BoneInfo","index":40,"offset":{"values":[-0.13953199982643128,-0.6238710284233093,0.7689700126647949,0.0,-0.00927099958062172,-0.7757099866867065,-0.6310210227966309,0.0,0.9901739954948425,-0.09517700225114823,0.10245300084352493,0.0,-0.007302999962121248,0.35631799697875979,1.1549190282821656,1.0]}},{"@class":"BoneInfo","index":41,"offset":{"values":[-0.14220499992370606,-0.5647339820861816,0.8129289746284485,0.0,-0.014457999728620053,-0.8200029730796814,-0.572176992893219,0.0,0.9897310137748718,-0.09312000125646591,0.10844399780035019,0.0,0.023099999874830247,0.5284669995307922,1.1226500272750855,1.0]}},{"@class":"BoneInfo","index":42,"offset":{"values":[-0.12925699353218079,-0.5054669976234436,0.8531090021133423,0.0,0.004755999892950058,-0.8606330156326294,-0.5092039704322815,0.0,0.9915990233421326,-0.061760999262332919,0.11364699900150299,0.0,0.01165200024843216,0.5626779794692993,1.0835870504379273,1.0]}},{"@class":"BoneInfo","index":43,"offset":{"values":[-0.12925699353218079,-0.6074259877204895,0.7837889790534973,0.0,0.004755999892950058,-0.7907909750938416,-0.6120679974555969,0.0,0.9915990233421326,-0.07538700103759766,0.105103999376297,0.0,0.011683999560773373,0.3957659900188446,1.141523003578186,1.0]}},{"@class":"BoneInfo","index":44,"offset":{"values":[-0.9999920129776001,-0.0019519999623298646,0.0034630000591278078,0.0,0.0020719999447464945,-0.9993799924850464,0.03517000004649162,0.0,0.0033919999841600658,0.03517400100827217,0.9994580149650574,0.0,0.11040099710226059,1.052549958229065,-0.06236499920487404,1.0]}},{"@class":"BoneInfo","index":45,"offset":{"values":[-0.9996600151062012,-0.026081999763846399,0.0004939999780617654,0.0,0.025831999257206918,-0.9923750162124634,-0.12055300176143646,0.0,0.003633999964222312,-0.12048999965190888,0.9927880167961121,0.0,0.09666799753904343,0.5795649886131287,0.02794400043785572,1.0]}},{"@class":"BoneInfo","index":46,"offset":{"values":[-0.9882220029830933,0.10563299804925919,0.11073099821805954,0.0,0.009831000119447708,-0.678276002407074,0.734798014163971,0.0,0.15271300077438355,0.7272300124168396,0.6692500114440918,0.0,0.09947200119495392,0.08255399763584137,-0.09259899705648422,1.0]}},{"@class":"BoneInfo","index":47,"offset":{"values":[-0.995727002620697,0.08998899906873703,-0.020788999274373056,0.0,-0.021028999239206315,-0.001724999980069697,0.9997779726982117,0.0,0.08992499858140946,0.9960240125656128,0.0036100000143051149,0.0,0.10767299681901932,-0.12475299835205078,-0.0017760000191628934,1.0]}},{"@class":"BoneInfo","index":48,"offset":{"values":[-0.9999920129776001,0.0019519999623298646,-0.0034630000591278078,0.0,-0.0020719999447464945,-0.9993799924850464,0.03517000004649162,0.0,-0.0033919999841600658,0.03517400100827217,0.9994580149650574,0.0,-0.11040099710226059,1.052549958229065,-0.06236499920487404,1.0]}},{"@class":"BoneInfo","index":49,"offset":{"values":[-0.9996600151062012,0.026081999763846399,-0.0004939999780617654,0.0,-0.025831999257206918,-0.9923750162124634,-0.12055300176143646,0.0,-0.003633999964222312,-0.12048999965190888,0.9927880167961121,0.0,-0.09666799753904343,0.5795649886131287,0.02794400043785572,1.0]}},{"@class":"BoneInfo","index":50,"offset":{"values":[-0.9882220029830933,-0.10563299804925919,-0.11073099821805954,0.0,-0.009831000119447708,-0.678276002407074,0.734798014163971,0.0,-0.15271300077438355,0.7272300124168396,0.6692500114440918,0.0,-0.09947200119495392,0.08255399763584137,-0.09259899705648422,1.0]}},{"@class":"BoneInfo","index":51,"offset":{"values":[-0.995727002620697,-0.08998899906873703,0.020788999274373056,0.0,0.021028999239206315,-0.001724999980069697,0.9997779726982117,0.0,-0.08992499858140946,0.9960240125656128,0.0036100000143051149,0.0,-0.10767299681901932,-0.12475299835205078,-0.0017760000191628934,1.0]}}]}